20
3 5 10 2 5 3 10 4 3 3 9 7
22 47 2 3 5 7 11 13 17 19 23 29 31 37 41 43 47 53 59 61 67 71 73 79 83 89 97 101 103 107 109 113 127 131 137 139 149 151 157 163 167 173 179 181 191 193 197 199 211 223 227 229 233 239 241 251 257 263 269 271 277 281 283 293 307 311 313 317 331 337 347 349 353 359 367 373 379 383 389 397 401 409 419 421 431 433 439 443 449 457 461 463 467 479 487 491
20 47 2 3 5 7 11 13 17 19 23 29 31 37 41 43 47 53 59 61 67 71 73 79 83 89 97 101 103 107 109 113 127 131 137 139 149 151 157 163 167 173 179 181 191 193 197 199 211 223 227 229 233 239 241 251 257 263 269 271 277 281 283 293 307 311 313 317 331 337 347 349 353 359 367 373 379 383 389 397 401 409 419 421 431 433 439 443 449 457 461 463 467 479 487 491
23 47 2 3 5 7 11 13 17 19 23 29 31 37 41 43 47 53 59 61 67 71 73 79 83 89 97 101 103 107 109 113 127 131 137 139 149 151 157 163 167 173 179 181 191 193 197 199 211 223 227 229 233 239 241 251 257 263 269 271 277 281 283 293 307 311 313 317 331 337 347 349 353 359 367 373 379 383 389 397 401 409 419 421 431 433 439 443 449 457 461 463 467 479 487 491
33 47 2 3 5 7 11 13 17 19 23 29 31 37 41 43 47 53 59 61 67 71 73 79 83 89 97 101 103 107 109 113 127 131 137 139 149 151 157 163 167 173 179 181 191 193 197 199 211 223 227 229 233 239 241 251 257 263 269 271 277 281 283 293 307 311 313 317 331 337 347 349 353 359 367 373 379 383 389 397 401 409 419 421 431 433 439 443 449 457 461 463 467 479 487 491
1 9 441 263 393 385 420 170 195 148 79 70 233 210 74 45 300 115 252 176
29 47 2 3 5 7 11 13 17 19 23 29 31 37 41 43 47 53 59 61 67 71 73 79 83 89 97 101 103 107 109 113 127 131 137 139 149 151 157 163 167 173 179 181 191 193 197 199 211 223 227 229 233 239 241 251 257 263 269 271 277 281 283 293 307 311 313 317 331 337 347 349 353 359 367 373 379 383 389 397 401 409 419 421 431 433 439 443 449 457 461 463 467 479 487 491
7 22 165 114 114 65 438 157 234 127 63 8 314 81 222 205 246 395 422 353 147 490 233 54 404 472 436 120 294 115 235 339 380 84 17 243 492 470 40 171 313 407 195 424 485 479
32 47 2 3 5 7 11 13 17 19 23 29 31 37 41 43 47 53 59 61 67 71 73 79 83 89 97 101 103 107 109 113 127 131 137 139 149 151 157 163 167 173 179 181 191 193 197 199 211 223 227 229 233 239 241 251 257 263 269 271 277 281 283 293 307 311 313 317 331 337 347 349 353 359 367 373 379 383 389 397 401 409 419 421 431 433 439 443 449 457 461 463 467 479 487 491
2 7 250 87 412 239 48 46 108 67 64 64 30 18 110 78
8 8 432 314 286 283 125 77 414 269 362 281 409 404 384 39 30 18
2 4 9 9 482 417 211 120 151 69
10 24 423 218 175 461 124 334 330 334 100 35 75 182 309 470 475 376 25 66 96 13 93 378 96 254 355 392 173 359 87 209 172 279 263 294 346 11 301 384 225 401 261 464 121 213 356 255 130 487
2 12 158 154 257 190 260 17 18 18 128 125 351 261 436 259 354 287 116 65 64 20 159 103 131 34
30 47 2 3 5 7 11 13 17 19 23 29 31 37 41 43 47 53 59 61 67 71 73 79 83 89 97 101 103 107 109 113 127 131 137 139 149 151 157 163 167 173 179 181 191 193 197 199 211 223 227 229 233 239 241 251 257 263 269 271 277 281 283 293 307 311 313 317 331 337 347 349 353 359 367 373 379 383 389 397 401 409 419 421 431 433 439 443 449 457 461 463 467 479 487 491
26 26 306 12 493 185 112 271 251 27 122 132 100 190 178 480 497 46 193 372 278 267 322 79 459 3 111 448 113 468 238 308 112 260 77 305 318 26 219 77 301 66 321 187 187 287 251 134 49 104 84 385 64 196
25 47 2 3 5 7 11 13 17 19 23 29 31 37 41 43 47 53 59 61 67 71 73 79 83 89 97 101 103 107 109 113 127 131 137 139 149 151 157 163 167 173 179 181 191 193 197 199 211 223 227 229 233 239 241 251 257 263 269 271 277 281 283 293 307 311 313 317 331 337 347 349 353 359 367 373 379 383 389 397 401 409 419 421 431 433 439 443 449 457 461 463 467 479 487 491
11 11 154 78 108 75 289 70 32 10 261 195 7 5 60 54 257 94 326 211 227 69 121 91
2 25 222 384 433 221 157 460 194 418 128 87 139 220 163 467 163 364 60 350 294 386 346 274 202 53 466 19 453 484 400 166 377 351 28 101 335 485 412 269 48 381 409 407 339 82 468 419 255 17 223 446
9 20 83 341 25 154 177 448 165 278 330 418 428 150 336 169 68 100 190 223 137 478 195 152 408 2 332 262 167 23 345 205 68 54 128 79 109 308 480 124 152 3